[gd_scene load_steps=11 format=3 uid="uid://du17i1kd8yvtj"]

[ext_resource type="PackedScene" uid="uid://dk8577djp7t2l" path="res://Scenes/objects/living_room_door.tscn" id="1_eu0bu"]
[ext_resource type="Material" uid="uid://wuqdk67ndu8r" path="res://materials/living_room_floor.tres" id="1_g3b8s"]
[ext_resource type="PackedScene" uid="uid://buh1x40r503h" path="res://Scenes/objects/living_room_couch.tscn" id="2_hy2x1"]
[ext_resource type="Material" uid="uid://b4ldik55om2be" path="res://materials/living_room_wall.tres" id="2_q7ldk"]
[ext_resource type="PackedScene" uid="uid://dowsyqoillp2u" path="res://Scenes/objects/living_room_painting_1.tscn" id="3_wooax"]
[ext_resource type="PackedScene" uid="uid://cv3ty2024xe8w" path="res://Scenes/objects/living_room_painting_2.tscn" id="4_0kivo"]
[ext_resource type="PackedScene" uid="uid://tbe2sjxiv5ln" path="res://Scenes/objects/living_room_side_table.tscn" id="5_tvtl5"]
[ext_resource type="PackedScene" uid="uid://dlndgfmb05rnk" path="res://Scenes/objects/living_room_tv_stand.tscn" id="6_wooax"]
[ext_resource type="PackedScene" uid="uid://5s1fw88fmxl" path="res://Scenes/objects/living_room_tv.tscn" id="7_0kivo"]
[ext_resource type="PackedScene" uid="uid://mqvu01asw6f6" path="res://Scenes/key.tscn" id="8_0kivo"]

[node name="AreaKeyPuzzle" type="Node3D"]

[node name="CSGBox3D22" type="CSGBox3D" parent="."]
transform = Transform3D(-4.37114e-08, 0, -1, 0, 1, 0, 1, 0, -4.37114e-08, -11.9884, 0.25, 2.08144)
material_override = ExtResource("1_g3b8s")
use_collision = true
size = Vector3(18.0232, 0.5, 23.9769)

[node name="CSGBox3D23" type="CSGBox3D" parent="."]
transform = Transform3D(-4.37114e-08, 0, -1, 0, 1, 0, 1, 0, -4.37114e-08, -11.9884, 3.52222, 2.08144)
material_override = ExtResource("2_q7ldk")
use_collision = true
size = Vector3(18.0232, 0.5, 23.9769)

[node name="CSGBox3D3" type="CSGBox3D" parent="."]
transform = Transform3D(-4.37114e-08, -1, 4.37114e-08, 1, -4.37114e-08, -4.37114e-08, 4.37114e-08, 4.37114e-08, 1, -0.25, 1.831, 1.96466)
material_override = ExtResource("2_q7ldk")
use_collision = true
size = Vector3(3.55025, 0.5, 18.4046)

[node name="CSGBox3D4" type="CSGBox3D" parent="CSGBox3D3"]
transform = Transform3D(1, -1.64203e-15, 0, -1.64203e-15, 1, 0, 0, 0, 1, 0.0592505, 0.0461419, -3.26815)
operation = 2
use_collision = true
size = Vector3(3.66875, 0.736816, 2.53667)

[node name="CSGBox3D20" type="CSGBox3D" parent="."]
transform = Transform3D(-4.37114e-08, 0, -1, 1, -4.37114e-08, -4.37114e-08, -4.37114e-08, -1, 3.55271e-15, -12.081, 1.831, 10.9647)
material_override = ExtResource("2_q7ldk")
use_collision = true
size = Vector3(3.55025, 0.5, 24.0667)

[node name="CSGBox3D21" type="CSGBox3D" parent="."]
transform = Transform3D(4.37114e-08, 1, 4.37114e-08, 1, -4.37114e-08, -4.37114e-08, -4.37114e-08, 4.37114e-08, -1, -23.75, 1.831, 2.9663)
material_override = ExtResource("2_q7ldk")
use_collision = true
size = Vector3(3.55025, 0.5, 16.5169)

[node name="CSGBox3D22" type="CSGBox3D" parent="CSGBox3D21"]
transform = Transform3D(1, 1.64203e-15, 0, 1.64203e-15, 1, 0, 0, 0, 1, 0, 0.0774536, 4.89353)
operation = 2
use_collision = true
size = Vector3(3.55025, 0.824829, 1.46173)

[node name="CSGBox3D7" type="CSGBox3D" parent="."]
transform = Transform3D(-4.37114e-08, 0, -1, 1, -4.37114e-08, -4.37114e-08, -4.37114e-08, -1, 3.55271e-15, -9.25, 1.831, -7.03534)
material_override = ExtResource("2_q7ldk")
use_collision = true
size = Vector3(3.55025, 0.5, 18.4046)

[node name="CSGBox3D11" type="CSGBox3D" parent="."]
transform = Transform3D(-4.37114e-08, 0, -1, 1, -4.37114e-08, -4.37114e-08, -4.37114e-08, -1, 3.55271e-15, -13.7128, 1.831, -2.29931)
material_override = ExtResource("2_q7ldk")
use_collision = true
size = Vector3(3.55025, 0.5, 3.2787)

[node name="CSGBox3D15" type="CSGBox3D" parent="."]
transform = Transform3D(-4.37114e-08, 0, -1, 1, -4.37114e-08, -4.37114e-08, -4.37114e-08, -1, 3.55271e-15, -13.6791, 1.831, 1.48921)
material_override = ExtResource("2_q7ldk")
use_collision = true
size = Vector3(3.55025, 0.5, 4.31645)

[node name="CSGBox3D12" type="CSGBox3D" parent="."]
transform = Transform3D(-3.09086e-08, -0.965926, 0.258819, 1, -4.37114e-08, -4.37114e-08, 5.35353e-08, 0.258819, 0.965926, -13.5204, 1.831, -3.67212)
material_override = ExtResource("2_q7ldk")
use_collision = true
size = Vector3(3.55025, 0.5, 2.95661)

[node name="CSGBox3D16" type="CSGBox3D" parent="."]
transform = Transform3D(-1.77636e-14, 0.707107, -0.707107, 1, -4.37114e-08, -4.37114e-08, -6.18173e-08, -0.707107, -0.707107, -10.8313, 1.831, -6.06609)
material_override = ExtResource("2_q7ldk")
use_collision = true
size = Vector3(3.55025, 0.5, 2.95661)

[node name="CSGBox3D6" type="CSGBox3D" parent="."]
transform = Transform3D(-4.37114e-08, -1, 4.37114e-08, 1, -4.37114e-08, -4.37114e-08, 4.37114e-08, 4.37114e-08, 1, -8.25, 1.831, 0.660569)
material_override = ExtResource("2_q7ldk")
use_collision = true
size = Vector3(3.55025, 0.5, 7.30001)

[node name="CSGBox3D9" type="CSGBox3D" parent="."]
transform = Transform3D(4.37114e-08, 8.74228e-08, 1, 1, -4.37114e-08, -4.37114e-08, 4.37114e-08, 1, -8.74228e-08, -9.77055, 1.831, 7.66057)
material_override = ExtResource("2_q7ldk")
use_collision = true
size = Vector3(3.55025, 0.5, 4.25891)

[node name="CSGBox3D17" type="CSGBox3D" parent="."]
transform = Transform3D(5.35353e-08, 0.258819, 0.965926, 1, -4.37114e-08, -4.37114e-08, 3.09086e-08, 0.965926, -0.258819, -5.98295, 1.831, 7.1088)
material_override = ExtResource("2_q7ldk")
use_collision = true
size = Vector3(3.55025, 0.5, 4.25891)

[node name="CSGBox3D18" type="CSGBox3D" parent="."]
transform = Transform3D(3.09086e-08, -0.258819, 0.965926, 1, -4.37114e-08, -4.37114e-08, 5.35353e-08, 0.965926, 0.258819, -5.98295, 1.831, 8.19589)
material_override = ExtResource("2_q7ldk")
use_collision = true
size = Vector3(3.55025, 0.5, 4.25891)

[node name="CSGBox3D8" type="CSGBox3D" parent="."]
transform = Transform3D(-5.35353e-08, -0.965926, -0.258819, 1, -4.37114e-08, -4.37114e-08, 3.09086e-08, -0.258819, 0.965926, -10.4686, 1.831, -2.71036)
material_override = ExtResource("2_q7ldk")
use_collision = true
size = Vector3(3.55025, 0.5, 9.33848)

[node name="CSGBox3D10" type="CSGBox3D" parent="."]
transform = Transform3D(-1.59995e-08, -0.866025, 0.5, 1, -4.37114e-08, -4.37114e-08, 5.97109e-08, 0.5, 0.866025, -15.8898, 1.831, 1.33289)
material_override = ExtResource("2_q7ldk")
use_collision = true
size = Vector3(3.55025, 0.5, 9.33848)

[node name="CSGBox3D17" type="CSGBox3D" parent="CSGBox3D10"]
transform = Transform3D(1, 0, -8.52651e-13, 0, 1, 0, 0, 0, 1, -2.38419e-07, -0.0582571, -2.08027)
operation = 2
use_collision = true
size = Vector3(3.55025, 0.74176, 1.50434)

[node name="CSGBox3D19" type="CSGBox3D" parent="."]
transform = Transform3D(-5.35353e-08, -0.965926, -0.258819, 1, -4.37114e-08, -4.37114e-08, 3.09086e-08, -0.258819, 0.965926, -14.3502, 1.831, 8.0777)
material_override = ExtResource("2_q7ldk")
use_collision = true
size = Vector3(3.55025, 0.5, 5.971)

[node name="CSGBox3D17" type="CSGBox3D" parent="CSGBox3D19"]
transform = Transform3D(1, 1.77636e-15, -3.2685e-13, 1.03917e-13, 1, 0, 2.91323e-13, 0, 1, 7.15256e-07, -0.0582619, -1.77979)
operation = 2
use_collision = true
size = Vector3(3.55025, 0.74176, 1.49637)

[node name="CSGBox3D13" type="CSGBox3D" parent="."]
transform = Transform3D(-5.97109e-08, -0.5, -0.866025, 1, -4.37114e-08, -4.37114e-08, -1.59995e-08, -0.866025, 0.5, -20.365, 1.831, -1.34751)
material_override = ExtResource("2_q7ldk")
use_collision = true
size = Vector3(3.55025, 0.5, 8.03665)

[node name="CSGBox3D14" type="CSGBox3D" parent="."]
transform = Transform3D(-5.35353e-08, -0.258819, -0.965926, 1, -4.37114e-08, -4.37114e-08, -3.09086e-08, -0.965926, 0.258819, -20.1602, 1.831, -6.06985)
material_override = ExtResource("2_q7ldk")
use_collision = true
size = Vector3(3.55025, 0.5, 7.76784)

[node name="CSGBox3D5" type="CSGBox3D" parent="."]
transform = Transform3D(-4.37114e-08, 0, -1, 1, -4.37114e-08, -4.37114e-08, -4.37114e-08, -1, 3.55271e-15, -4.16015, 1.831, 4.22879)
material_override = ExtResource("2_q7ldk")
use_collision = true
size = Vector3(3.55025, 0.5, 7.94842)

[node name="CSGBox3D4" type="CSGBox3D" parent="."]
transform = Transform3D(-4.37114e-08, 0, -1, 1, -4.37114e-08, -4.37114e-08, -4.37114e-08, -1, 3.55271e-15, -4.34742, 1.831, -2.85481)
material_override = ExtResource("2_q7ldk")
use_collision = true
size = Vector3(3.55025, 0.5, 8.30661)

[node name="CSGBox3D4" type="CSGBox3D" parent="CSGBox3D4"]
transform = Transform3D(1, 0, -1.55294e-22, 0, 1, 0, -8.35187e-23, 0, 1, 0.0592519, 0.0461423, -2.44927)
operation = 2
use_collision = true
size = Vector3(3.66875, 0.736816, 1.46717)

[node name="Door4" parent="." instance=ExtResource("1_eu0bu")]
transform = Transform3D(-0.258819, 2.66454e-15, -0.965926, -7.10543e-15, 1, -5.44734e-15, 0.965926, 1.06581e-14, -0.258819, -13.9865, 1.89289, 6.35442)
NeedsKey = true

[node name="Door3" parent="." instance=ExtResource("1_eu0bu")]
transform = Transform3D(0.5, 1.24345e-14, -0.866025, -3.55271e-15, 1, -1.89462e-15, 0.866025, 3.55271e-15, 0.5, -17.0148, 1.89289, -0.406447)
NeedsKey = true

[node name="Door5" parent="." instance=ExtResource("1_eu0bu")]
transform = Transform3D(-5.96046e-08, 8.99223e-15, -1, -3.55271e-15, 1, -1.89462e-15, 1, 9.29399e-15, -5.96046e-08, -23.736, 1.89289, -1.91436)
NeedsKey = true

[node name="Door2" parent="." instance=ExtResource("1_eu0bu")]
transform = Transform3D(-1, 0, 8.74228e-08, 0, 1, 0, -8.74228e-08, 0, -1, -1.91492, 1.89289, -2.81899)
NeedsKey = true

[node name="LivingRoomCouch" parent="." instance=ExtResource("2_hy2x1")]
transform = Transform3D(-4.37114e-08, 0, 1, 0, 1, 0, -1, 0, -4.37114e-08, -4.22911, 1.07656, 3.37159)

[node name="LivingRoomPainting1" parent="." instance=ExtResource("3_wooax")]
transform = Transform3D(-4.37114e-08, 0, -1, 0, 1, 0, 1, 0, -4.37114e-08, -1.30112, 2.45498, 3.93988)

[node name="LivingRoomPainting2" parent="." instance=ExtResource("4_0kivo")]
transform = Transform3D(-4.37114e-08, 0, 1, 0, 1, 0, -1, 0, -4.37114e-08, -5.64309, 2.64195, 3.93902)

[node name="LivingRoomPainting3" parent="." instance=ExtResource("4_0kivo")]
transform = Transform3D(1, 0, 0, 0, 1, 0, 0, 0, 1, -7.93591, 2.28457, 0.467806)

[node name="LivingRoomSideTable" parent="." instance=ExtResource("5_tvtl5")]
transform = Transform3D(-0.258819, 0, 0.965926, 0, 1, 0, -0.965926, 0, -0.258819, -1.42816, 0.904611, 3.20735)

[node name="LivingRoomTvStand" parent="." instance=ExtResource("6_wooax")]
transform = Transform3D(-4.37114e-08, 0, 1, 0, 1, 0, -1, 0, -4.37114e-08, -4.86202, 0.841979, -1.93674)

[node name="LivingRoomTv" parent="." instance=ExtResource("7_0kivo")]
transform = Transform3D(-4.37114e-08, 0, 1, 0, 1, 0, -1, 0, -4.37114e-08, -5.09415, 1.73464, -2.08661)

[node name="Key" parent="." instance=ExtResource("8_0kivo")]
transform = Transform3D(1, 0, 0, 0, 1, 0, 0, 0, 1, -3.97261, 1.26778, -2.18345)

[node name="LivingRoomPainting4" parent="." instance=ExtResource("3_wooax")]
transform = Transform3D(0.258819, 0, -0.965926, 0, 1, 0, 0.965926, 0, 0.258819, -4.78592, 2.2919, 7.08463)

[node name="Key2" parent="." instance=ExtResource("8_0kivo")]
transform = Transform3D(0.965926, 0.258819, -1.13133e-08, 0, -4.37114e-08, -1, -0.258819, 0.965926, -4.2222e-08, -4.78495, 2.36755, 7.0626)

[node name="Key3" parent="." instance=ExtResource("8_0kivo")]
transform = Transform3D(1, 0, 0, 0, 1, 0, 0, 0, 1, -19.6353, 1.24538, 6.03983)

[node name="Key4" parent="." instance=ExtResource("8_0kivo")]
transform = Transform3D(1, 0, 0, 0, 1, 0, 0, 0, 1, -12.6607, 0.516317, -2.9729)

[node name="LivingRoomCouch2" parent="." instance=ExtResource("2_hy2x1")]
transform = Transform3D(-4.37114e-08, 0, 1, 0, 1, 0, -1, 0, -4.37114e-08, -6.13643, 1.07656, -3.70476)

[node name="LivingRoomSideTable2" parent="." instance=ExtResource("5_tvtl5")]
transform = Transform3D(0.5, -7.74287e-08, -0.866025, 0, -1, 8.9407e-08, -0.866025, -4.47035e-08, -0.5, -3.4145, 1.23245, -3.72429)

[node name="LivingRoomPainting5" parent="." instance=ExtResource("4_0kivo")]
transform = Transform3D(0, -0.258819, -0.965926, 0, 0.965926, -0.258819, 1, 0, 0, -9.31405, 2.39292, 7.37208)

[node name="LivingRoomPainting6" parent="." instance=ExtResource("4_0kivo")]
transform = Transform3D(0.258819, 0.482963, -0.836516, -1.49012e-08, 0.866025, 0.5, 0.965926, -0.12941, 0.224144, -6.93615, 1.67141, 7.07468)

[node name="LivingRoomPainting7" parent="." instance=ExtResource("3_wooax")]
transform = Transform3D(0.258819, -0.25, -0.933013, 0, 0.965926, -0.258819, 0.965926, 0.0669873, 0.25, -4.91405, 2.16166, 6.53567)

[node name="LivingRoomPainting8" parent="." instance=ExtResource("3_wooax")]
transform = Transform3D(-4.37114e-08, -0.965926, -0.258819, 0, 0.258819, -0.965926, 1, -4.2222e-08, -1.13133e-08, -10.9866, 1.35831, 7.37355)

[node name="LivingRoomSideTable3" parent="." instance=ExtResource("5_tvtl5")]
transform = Transform3D(-4.84967e-08, 0.258819, -0.965926, 1, -1.49012e-08, -4.2222e-08, 1.7859e-08, -0.965926, -0.258819, -13.9351, 0.898907, 9.51344)

[node name="LivingRoomSideTable4" parent="." instance=ExtResource("5_tvtl5")]
transform = Transform3D(-2.98023e-08, 1, 0, -0.258819, 3.8567e-09, 0.965926, 0.965926, -1.43934e-08, 0.258819, -11.9268, 0.960247, 10.2364)

[node name="LivingRoomSideTable5" parent="." instance=ExtResource("5_tvtl5")]
transform = Transform3D(-0.258819, -3.39985e-08, -0.965926, -1.8489e-08, 1, -4.2222e-08, 0.965926, -3.62491e-08, -0.258819, -10.4951, 0.960247, 10.3595)

[node name="LivingRoomSideTable7" parent="." instance=ExtResource("5_tvtl5")]
transform = Transform3D(-9.2503e-08, -0.258819, -0.965926, 1, -6.84365e-08, -2.98023e-08, 2.15962e-10, -0.965926, 0.258819, -9.14289, 0.960247, 10.5141)

[node name="LivingRoomSideTable8" parent="." instance=ExtResource("5_tvtl5")]
transform = Transform3D(0.258819, -7.52863e-08, -0.965926, 0.965926, -5.06777e-08, 0.258819, -2.37329e-08, -1, 5.96046e-08, -8.23701, 0.960247, 10.6536)

[node name="LivingRoomSideTable6" parent="." instance=ExtResource("5_tvtl5")]
transform = Transform3D(0.258819, 1.21421e-07, 0.965926, 4.11157e-08, -1, 1.26666e-07, 0.965926, -3.62491e-08, -0.258819, -10.4951, 2.39648, 10.3595)

[node name="LivingRoomTv3" parent="." instance=ExtResource("7_0kivo")]
transform = Transform3D(1.03316e-07, 0, -1, 0, 1, 0, 1, 0, 1.03316e-07, -21.445, 1.3118, 9.79836)

[node name="LivingRoomTv4" parent="." instance=ExtResource("7_0kivo")]
transform = Transform3D(-1, 0, -5.96046e-08, 0, 1, 0, 5.96046e-08, 0, -1, -22.868, 1.31134, 8.375)

[node name="LivingRoomTv5" parent="." instance=ExtResource("7_0kivo")]
transform = Transform3D(-1, 0, -5.96046e-08, 0, 1, 0, 5.96046e-08, 0, -1, -22.868, 1.31134, 6.875)

[node name="LivingRoomTv6" parent="." instance=ExtResource("7_0kivo")]
transform = Transform3D(-1, 0, -5.96046e-08, 0, 1, 0, 5.96046e-08, 0, -1, -22.868, 1.31134, 5.375)

[node name="LivingRoomTv7" parent="." instance=ExtResource("7_0kivo")]
transform = Transform3D(-1, 0, -5.96046e-08, 0, 1, 0, 5.96046e-08, 0, -1, -22.868, 1.31134, 3.875)

[node name="LivingRoomTv9" parent="." instance=ExtResource("7_0kivo")]
transform = Transform3D(1.31134e-07, 0, -1, 0, 1, 0, 1, 0, 1.31134e-07, -21.445, 2.60263, 9.95153)

[node name="LivingRoomTv15" parent="." instance=ExtResource("7_0kivo")]
transform = Transform3D(1.03316e-07, 0, -1, 0, 1, 0, 1, 0, 1.03316e-07, -19.945, 1.3118, 9.79836)

[node name="LivingRoomTv16" parent="." instance=ExtResource("7_0kivo")]
transform = Transform3D(1.31134e-07, 0, -1, 0, 1, 0, 1, 0, 1.31134e-07, -19.945, 2.60263, 9.95153)

[node name="LivingRoomTv17" parent="." instance=ExtResource("7_0kivo")]
transform = Transform3D(1.03316e-07, 0, -1, 0, 1, 0, 1, 0, 1.03316e-07, -18.445, 1.3118, 9.79836)

[node name="LivingRoomTv18" parent="." instance=ExtResource("7_0kivo")]
transform = Transform3D(1.31134e-07, 0, -1, 0, 1, 0, 1, 0, 1.31134e-07, -18.445, 2.60263, 9.95153)

[node name="LivingRoomTv19" parent="." instance=ExtResource("7_0kivo")]
transform = Transform3D(1.03316e-07, 0, -1, 0, 1, 0, 1, 0, 1.03316e-07, -16.945, 1.3118, 9.79836)

[node name="LivingRoomTv20" parent="." instance=ExtResource("7_0kivo")]
transform = Transform3D(1.31134e-07, 0, -1, 0, 1, 0, 1, 0, 1.31134e-07, -16.945, 2.60263, 9.95153)

[node name="LivingRoomTv10" parent="." instance=ExtResource("7_0kivo")]
transform = Transform3D(-1, 0, -8.74228e-08, 0, 1, 0, 8.74228e-08, 0, -1, -23.021, 2.60218, 8.375)

[node name="LivingRoomTv11" parent="." instance=ExtResource("7_0kivo")]
transform = Transform3D(-1, 0, -8.74228e-08, 0, 1, 0, 8.74228e-08, 0, -1, -23.021, 2.60218, 6.875)

[node name="LivingRoomTv12" parent="." instance=ExtResource("7_0kivo")]
transform = Transform3D(-1, 0, -8.74228e-08, 0, 1, 0, 8.74228e-08, 0, -1, -23.021, 2.60218, 5.375)

[node name="LivingRoomTv13" parent="." instance=ExtResource("7_0kivo")]
transform = Transform3D(-1, 0, -8.74228e-08, 0, 1, 0, 8.74228e-08, 0, -1, -23.021, 2.60218, 3.875)

[node name="LivingRoomTv8" parent="." instance=ExtResource("7_0kivo")]
transform = Transform3D(-0.5, 0, 0.866025, 0, 1, 0, -0.866025, 0, -0.5, -22.7985, 1.31134, 1.21498)

[node name="LivingRoomTv14" parent="." instance=ExtResource("7_0kivo")]
transform = Transform3D(-0.5, 0, 0.866025, 0, 1, 0, -0.866025, 0, -0.5, -21.4995, 1.31134, 0.464977)

[node name="LivingRoomTv21" parent="." instance=ExtResource("7_0kivo")]
transform = Transform3D(-0.5, 0, 0.866025, 0, 1, 0, -0.866025, 0, -0.5, -20.2005, 1.31134, -0.285023)

[node name="LivingRoomTv22" parent="." instance=ExtResource("7_0kivo")]
transform = Transform3D(-0.5, 0, 0.866025, 0, 1, 0, -0.866025, 0, -0.5, -18.9014, 1.31134, -1.03502)

[node name="LivingRoomTv23" parent="." instance=ExtResource("7_0kivo")]
transform = Transform3D(-0.5, 0, 0.866025, 0, 1, 0, -0.866025, 0, -0.5, -22.875, 2.60218, 1.08247)

[node name="LivingRoomTv24" parent="." instance=ExtResource("7_0kivo")]
transform = Transform3D(-0.5, 0, 0.866025, 0, 1, 0, -0.866025, 0, -0.5, -21.576, 2.60218, 0.332471)

[node name="LivingRoomTv25" parent="." instance=ExtResource("7_0kivo")]
transform = Transform3D(-0.5, 0, 0.866025, 0, 1, 0, -0.866025, 0, -0.5, -20.277, 2.60218, -0.417529)

[node name="LivingRoomTv26" parent="." instance=ExtResource("7_0kivo")]
transform = Transform3D(-0.5, 0, 0.866025, 0, 1, 0, -0.866025, 0, -0.5, -18.9779, 2.60218, -1.16753)

[node name="LivingRoomSideTable9" parent="." instance=ExtResource("5_tvtl5")]
transform = Transform3D(1, 0, 0, 0, 1, 0, 0, 0, 1, -19.5956, 0.495685, 6.11411)
