[gd_scene load_steps=6 format=3 uid="uid://cdwg6htj7w2qk"]

[ext_resource type="PackedScene" uid="uid://demqn0lui25if" path="res://Scenes/objects/bedroom_bed.tscn" id="1_i2vxj"]
[ext_resource type="Material" uid="uid://b8myhavi8tssq" path="res://materials/bedroom_floor.tres" id="1_unrsi"]
[ext_resource type="Material" uid="uid://droeypd8ulw24" path="res://materials/bedroom_wall.tres" id="2_ses7x"]
[ext_resource type="PackedScene" uid="uid://dfgoilaatgf0a" path="res://Scenes/objects/bedroom_nightstand.tscn" id="2_wluau"]
[ext_resource type="PackedScene" uid="uid://pfcfwwfeocue" path="res://Scenes/objects/bedroom_door.tscn" id="5_ses7x"]

[node name="AreaBedroom" type="Node3D"]

[node name="CSGBox3D4" type="CSGBox3D" parent="."]
transform = Transform3D(-4.37114e-08, 0, -1, -1.06581e-14, 1, 4.02341e-21, 1, 1.06581e-14, -4.37114e-08, -8, 0.25, 1)
material_override = ExtResource("1_unrsi")
use_collision = true
size = Vector3(21.977, 0.5, 16)

[node name="CSGBox3D6" type="CSGBox3D" parent="."]
transform = Transform3D(-4.37114e-08, 0, -1, -1.06581e-14, 1, 4.02341e-21, 1, 1.06581e-14, -4.37114e-08, -7.95749, 4.25087, 1.06007)
material_override = ExtResource("2_ses7x")
use_collision = true
size = Vector3(22.1382, 0.5, 15.9175)

[node name="CSGBox3D5" type="CSGBox3D" parent="."]
transform = Transform3D(-4.37114e-08, 0, -1, -1, -4.37114e-08, 4.37114e-08, -4.37114e-08, 1, 1.91069e-15, -4.95859, 2.39454, -3.73724e-08)
material_override = ExtResource("2_ses7x")
use_collision = true
size = Vector3(4.29004, 0.5, 9.91718)

[node name="CSGBox3D9" type="CSGBox3D" parent="CSGBox3D5"]
transform = Transform3D(1, 0, -8.35189e-23, 0, 1, 0, -8.35188e-23, 0, 1, 0.543968, 0.0183813, -0.227712)
material_override = ExtResource("2_ses7x")
operation = 2
size = Vector3(3.5275, 0.786438, 2.74127)

[node name="CSGBox3D8" type="CSGBox3D" parent="."]
transform = Transform3D(4.37114e-08, -1, 4.37114e-08, -1, -4.37114e-08, 4.37114e-08, -4.37114e-08, -4.37114e-08, -1, -0.25, 2.39452, -6.80024)
material_override = ExtResource("2_ses7x")
use_collision = true
size = Vector3(4.29004, 0.5, 6.48604)

[node name="CSGBox3D9" type="CSGBox3D" parent="."]
transform = Transform3D(4.37114e-08, -1, 4.37114e-08, -1, -4.37114e-08, 4.37114e-08, -4.37114e-08, -4.37114e-08, -1, -0.25, 2.39452, 5.98704)
material_override = ExtResource("2_ses7x")
use_collision = true
size = Vector3(4.29004, 0.5, 12.0957)

[node name="CSGBox3D11" type="CSGBox3D" parent="."]
transform = Transform3D(4.37114e-08, -1, 4.37114e-08, -1, -4.37114e-08, 4.37114e-08, -4.37114e-08, -4.37114e-08, -1, -9.74587, 2.39452, -0.942905)
material_override = ExtResource("2_ses7x")
use_collision = true
size = Vector3(4.29004, 0.5, 18.4182)

[node name="CSGBox3D17" type="CSGBox3D" parent="."]
transform = Transform3D(4.37114e-08, -1, 4.37114e-08, -1, -4.37114e-08, 4.37114e-08, -4.37114e-08, -4.37114e-08, -1, -15.7459, 2.39452, 1.01309)
material_override = ExtResource("2_ses7x")
use_collision = true
size = Vector3(4.29004, 0.5, 22.3302)

[node name="CSGBox3D22" type="CSGBox3D" parent="CSGBox3D17"]
transform = Transform3D(1, 8.74228e-08, -8.74228e-08, 8.74228e-08, -1, 1.053e-07, -8.74228e-08, -1.053e-07, -1, 0.490518, 0.0429411, 2.93972)
material_override = ExtResource("2_ses7x")
operation = 2
size = Vector3(2.82581, 1.03369, 1.4904)

[node name="CSGBox3D7" type="CSGBox3D" parent="."]
transform = Transform3D(-4.37114e-08, 0, -1, -1, -4.37114e-08, 4.37114e-08, -4.37114e-08, 1, 1.91069e-15, -3, 2.39454, -6)
material_override = ExtResource("2_ses7x")
use_collision = true
size = Vector3(4.29004, 0.5, 6)

[node name="CSGBox3D12" type="CSGBox3D" parent="."]
transform = Transform3D(-4.37114e-08, 0, -1, -1, -4.37114e-08, 4.37114e-08, -4.37114e-08, 1, 1.91069e-15, -7.91626, 2.39454, -10)
material_override = ExtResource("2_ses7x")
use_collision = true
size = Vector3(4.29004, 0.5, 15.8325)

[node name="CSGBox3D10" type="CSGBox3D" parent="."]
transform = Transform3D(-4.37114e-08, 0, -1, -1, -4.37114e-08, 4.37114e-08, -4.37114e-08, 1, 1.91069e-15, -3, 2.39454, 4)
material_override = ExtResource("2_ses7x")
use_collision = true
size = Vector3(4.29004, 0.5, 6)

[node name="CSGBox3D13" type="CSGBox3D" parent="."]
transform = Transform3D(-4.37114e-08, 0, -1, -1, -4.37114e-08, 4.37114e-08, -4.37114e-08, 1, 1.91069e-15, -7, 2.39454, 8)
material_override = ExtResource("2_ses7x")
use_collision = true
size = Vector3(4.29004, 0.5, 6)

[node name="CSGBox3D16" type="CSGBox3D" parent="."]
transform = Transform3D(3.09086e-08, 0.258819, 0.965926, -1, -4.37114e-08, 4.37114e-08, 5.35353e-08, -0.965926, 0.258819, -12.5142, 2.39454, 7.86091)
material_override = ExtResource("2_ses7x")
use_collision = true
size = Vector3(4.29004, 0.5, 2.96432)

[node name="CSGBox3D19" type="CSGBox3D" parent="."]
transform = Transform3D(5.35353e-08, -0.258819, 0.965926, -1, -4.37114e-08, 4.37114e-08, 3.09086e-08, -0.965926, -0.258819, -11.1362, 2.39454, 1.97364)
material_override = ExtResource("2_ses7x")
use_collision = true
size = Vector3(4.29004, 0.5, 2.89157)

[node name="CSGBox3D18" type="CSGBox3D" parent="."]
transform = Transform3D(4.37114e-08, 8.74228e-08, 1, -1, -4.37114e-08, 4.37114e-08, 4.37114e-08, -1, 8.74228e-08, -13.1763, 2.39454, 4.94871)
material_override = ExtResource("2_ses7x")
use_collision = true
size = Vector3(4.29004, 0.5, 1.79584)

[node name="CSGBox3D21" type="CSGBox3D" parent="."]
transform = Transform3D(5.35353e-08, -0.965926, 0.258819, -1, -4.37114e-08, 4.37114e-08, -3.09086e-08, -0.258819, -0.965926, -12.8551, 2.39454, -2.75073)
material_override = ExtResource("2_ses7x")
use_collision = true
size = Vector3(4.29004, 0.5, 5.77829)

[node name="CSGBox3D20" type="CSGBox3D" parent="."]
transform = Transform3D(-6.18173e-08, 0.707107, -0.707107, -1, -4.37114e-08, 4.37114e-08, -9.80755e-15, 0.707107, 0.707107, -14.6757, 2.39454, 1.10957)
material_override = ExtResource("2_ses7x")
use_collision = true
size = Vector3(4.29004, 0.5, 3.20847)

[node name="CSGBox3D14" type="CSGBox3D" parent="."]
transform = Transform3D(-4.37114e-08, 0, -1, -1, -4.37114e-08, 4.37114e-08, -4.37114e-08, 1, 1.91069e-15, -8.07379, 2.39454, 12)
material_override = ExtResource("2_ses7x")
use_collision = true
size = Vector3(4.29004, 0.5, 15.8673)

[node name="WorldObjectBed" parent="." instance=ExtResource("1_i2vxj")]
transform = Transform3D(1, 0, 0, 0, 1, 0, 0, 0, 1, -3.87106, 0.641321, -4.60069)

[node name="WorldObjectBed4" parent="." instance=ExtResource("1_i2vxj")]
transform = Transform3D(1, 0, 0, 0, 0.258819, -0.965926, 0, 0.965926, 0.258819, -13.7632, 1.69369, -9.32215)

[node name="WorldObjectBed3" parent="." instance=ExtResource("1_i2vxj")]
transform = Transform3D(0.258819, 8.44439e-08, 0.965926, 0, -1, 8.74228e-08, 0.965926, -2.26267e-08, -0.258819, -2.68625, 3.87823, 6.49026)

[node name="WorldObjectBed2" parent="." instance=ExtResource("1_i2vxj")]
transform = Transform3D(0.258819, -0.965926, 0, 0.965926, 0.258819, 0, 0, 0, 1, -1.02116, 2.10106, -8.6132)

[node name="WorldObjectNightstand" parent="." instance=ExtResource("2_wluau")]
transform = Transform3D(1, 0, 0, 0, 1, 0, 0, 0, 1, -0.854873, 1.05583, -4.67893)

[node name="WorldObjectNightstand3" parent="." instance=ExtResource("2_wluau")]
transform = Transform3D(0, 0, 1, 0, 1, 0, -1, 0, 0, -5, 1.056, 11.342)

[node name="WorldObjectNightstand4" parent="." instance=ExtResource("2_wluau")]
transform = Transform3D(0, 0, 1, 0, 1, 0, -1, 0, 0, -6.25, 1.056, 11.342)

[node name="WorldObjectNightstand5" parent="." instance=ExtResource("2_wluau")]
transform = Transform3D(0, 0, 1, 0, 1, 0, -1, 0, 0, -7.5, 1.056, 11.342)

[node name="WorldObjectNightstand6" parent="." instance=ExtResource("2_wluau")]
transform = Transform3D(0, 0, 1, 0, 1, 0, -1, 0, 0, -8.75, 1.056, 11.342)

[node name="WorldObjectNightstand7" parent="." instance=ExtResource("2_wluau")]
transform = Transform3D(2.98023e-08, 0, -1, 0, 1, 0, 1, 0, 2.98023e-08, -8.75, 1.056, 8.6638)

[node name="WorldObjectNightstand11" parent="." instance=ExtResource("2_wluau")]
transform = Transform3D(-0.258819, 0.933013, 0.25, -2.87868e-08, -0.258819, 0.965926, 0.965926, 0.25, 0.0669874, -13.0634, 2.42746, 8.36977)

[node name="WorldObjectNightstand12" parent="." instance=ExtResource("2_wluau")]
transform = Transform3D(-0.707107, -6.18172e-08, 0.707107, 8.74228e-08, -1, 0, 0.707107, 6.18172e-08, 0.707107, -10.7282, 3.45747, -9.03146)

[node name="WorldObjectNightstand8" parent="." instance=ExtResource("2_wluau")]
transform = Transform3D(2.98023e-08, 0, -1, 0, 1, 0, 1, 0, 2.98023e-08, -7.5, 1.056, 8.6638)

[node name="WorldObjectNightstand9" parent="." instance=ExtResource("2_wluau")]
transform = Transform3D(2.98023e-08, 0, -1, 0, 1, 0, 1, 0, 2.98023e-08, -6.25, 1.056, 8.6638)

[node name="WorldObjectNightstand10" parent="." instance=ExtResource("2_wluau")]
transform = Transform3D(2.98023e-08, 0, -1, 0, 1, 0, 1, 0, 2.98023e-08, -5, 1.056, 8.6638)

[node name="WorldObjectNightstand2" parent="." instance=ExtResource("2_wluau")]
transform = Transform3D(-2.18557e-08, 0.5, -0.866025, -1, -4.37114e-08, 0, -3.78552e-08, 0.866025, 0.5, -2.85487, 1.05583, -7.7392)

[node name="bedroom_door" parent="." instance=ExtResource("5_ses7x")]
transform = Transform3D(-4.37114e-08, 0, -1, 0, 1, 0, 1, 0, -4.37114e-08, -15.7397, 1.92745, -1.90909)
